k kclust totss tot.withinss betweenss iter
5  2192633.6751826294 1415326.607114824 777307.0680678054 4
6  2192633.6751826294 1196259.160375122 996374.5148075074 3
7  2192633.6751826294 1035723.9343792476 1156909.740803382 5
8  2192633.6751826294 903599.4975394384 1289034.177643191 4
9  2192633.6751826294 946083.931581507 1246549.7436011224 4
10  2192633.6751826294 916770.391935474 1275863.2832471554 6
11  2192633.6751826294 946305.3723041979 1246328.3028784315 4
12  2192633.6751826294 967603.5607918691 1225030.1143907602 3
13  2192633.6751826294 857388.2981520733 1335245.377030556 4
14  2192633.6751826294 785238.5988813061 1407395.0763013232 5
15  2192633.6751826294 800248.4727004928 1392385.2024821364 5
16  2192633.6751826294 878079.5647419036 1314554.110440726 4
17  2192633.6751826294 613517.5260520747 1579116.1491305546 5
18  2192633.6751826294 786352.6990863758 1406280.9760962536 4
19  2192633.6751826294 561080.0873307488 1631553.5878518806 6
20  2192633.6751826294 718734.5489278943 1473899.126254735 5
21  2192633.6751826294 708479.6395568746 1484154.0356257549 11
22  2192633.6751826294 585639.3722889627 1606994.3028936666 6
23  2192633.6751826294 627707.5336247298 1564926.1415578995 8
24  2192633.6751826294 567388.0841328904 1625245.591049739 4
25  2192633.6751826294 620271.9624334999 1572361.7127491296 7
26  2192633.6751826294 488469.5692471803 1704164.105935449 6
27  2192633.6751826294 497281.3354671016 1695352.3397155278 5
28  2192633.6751826294 408534.52405544225 1784099.151127187 6
29  2192633.6751826294 523336.1110018895 1669297.56418074 2
30  2192633.6751826294 503885.48512297514 1688748.1900596542 6
31  2192633.6751826294 436842.7815220635 1755790.8936605658 4
32  2192633.6751826294 486346.7913888559 1706286.8837937736 5
33  2192633.6751826294 491665.7372767678 1700967.9379058615 6
34  2192633.6751826294 465173.9969050387 1727459.6782775908 7
35  2192633.6751826294 481129.8588401275 1711503.816342502 6
